32   465   256   3     63    -1    0     15
33   450   256   7     63    5     0     17
34   236   256   16    63    2     0     20
35   0     128   31    63    0     0     31
36   243   128   28    63    1     0     31
37   108   0     44    63    2     0     49
38   110   64    34    63    2     0     37
39   504   128   7     63    2     0     11
40   320   256   14    63    3     0     18
41   335   256   14    63    3     0     18
42   125   256   19    63    1     0     21
43   156   128   28    63    2     0     32
44   418   256   7     63    4     0     15
45   270   256   16    63    1     0     18
46   442   256   7     63    4     0     15
47   164   256   17    63    -1    0     15
48   393   192   27    63    2     0     31
49   253   256   16    63    5     0     31
50   446   128   28    63    1     0     31
51   309   192   27    63    2     0     31
52   126   128   29    63    0     0     31
53   475   128   28    63    2     0     31
54   301   128   28    63    1     0     31
55   29    192   27    63    2     0     31
56   253   192   27    63    2     0     31
57   225   192   27    63    2     0     31
58   426   256   7     63    4     0     15
59   434   256   7     63    4     0     15
60   0     192   28    63    2     0     32
61   185   128   28    63    2     0     32
62   214   128   28    63    2     0     32
63   197   192   27    63    2     0     31
64   55    0     52    63    2     0     56
65   355   0     38    63    -1    0     37
66   386   64    32    63    3     0     37
67   472   0     36    63    2     0     40
68   145   64    34    63    4     0     40
69   32    128   31    63    4     0     37
70   272   128   28    63    4     0     34
71   394   0     38    63    2     0     43
72   419   64    32    63    4     0     40
73   502   192   7     63    4     0     15
74   78    256   23    63    1     0     28
75   215   64    34    63    3     0     37
76   57    192   27    63    3     0     31
77   315   0     39    63    3     0     45
78   284   64    33    63    3     0     40
79   195   0     39    63    2     0     43
80   64    128   31    63    4     0     37
81   275   0     39    63    2     0     43
82   0     64    36    63    4     0     40
83   250   64    33    63    2     0     37
84   352   64    33    63    0     0     33
85   452   64    32    63    4     0     40
86   433   0     38    63    -1    0     37
87   0     0     54    63    0     0     54
88   37    64    36    63    -1    0     35
89   74    64    35    63    0     0     35
90   318   64    33    63    0     0     34
91   377   256   12    63    3     0     15
92   182   256   17    63    -1    0     15
93   364   256   12    63    0     0     15
94   102   256   22    63    1     0     24
95   180   64    34    63    -2    0     31
96   390   256   11    63    2     0     18
97   330   128   28    63    1     0     31
98   85    192   27    63    3     0     31
99   485   64    26    63    2     0     28
100  113   192   27    63    1     0     31
101  359   128   28    63    1     0     31
102  145   256   18    63    0     0     15
103  421   192   27    63    1     0     31
104  476   192   25    63    3     0     31
105  402   256   7     63    2     0     11
106  350   256   13    63    -3    0     13
107  52    256   25    63    3     0     28
108  410   256   7     63    2     0     11
109  153   0     41    63    3     0     47
110  26    256   25    63    3     0     31
111  96    128   29    63    1     0     31
112  365   192   27    63    3     0     31
113  337   192   27    63    1     0     31
114  287   256   16    63    3     0     18
115  449   192   26    63    1     0     28
116  304   256   15    63    0     0     15
117  0     256   25    63    3     0     31
118  417   128   28    63    0     0     29
119  235   0     39    63    0     0     39
120  281   192   27    63    0     0     27
121  169   192   27    63    0     0     27
122  141   192   27    63    0     0     27
123  200   256   17    63    1     0     18
124  458   256   6     63    4     0     14
125  218   256   17    63    0     0     18
126  388   128   28    63    2     0     32